2290
666
1135830
3277280
724917
75040
1310661
05104
69076
04090
123
7955
89746
6435769
253
30075
11726821
28
3474758
67
3395003
73710078
7783
45380
87097833
053207
75006250
618
20552
762850
89690523
603505
048
840164
67959
277
336522
03375767
24821
0641004
0749
132623
730
769
376
1840780
109581
51272451
186
08274359
027
3086
377809
361393
443
01214435
87818
359984
01647251
323144
74313569
59387
668544
033472
89
44
42478
7028888
5936966
20451
5606
058
797
67
04
29016230
82645
0583
144
25019710
10
28
2868
232138
3922203
02
5627
64
455846
5443841
34
31785
4587086
0482692
571241
835858
198
76
30
2816
4004
4818672
7784
29941416
737
449
84568412
755
65
3382
50660
285
0951
8281546
040
452877
1773
13559
35790888
6102
329
20492070
33
83
29
0056
5865246
74
1599392
0638573
84
66400925
643635
818
71
8940
85
73
881
877303
71
2598921
651044
03643678
3309526
79349423
39
162
38
1027
3380
17
36986
28
532190
0377188
27
147387
44517
550554
43
54
73700880
536831
6128198
53863847
41775
484
2885735
8579
4903
03
89677
04702016
67518065
3450
731380
17202
3222124
14469
4662714
67288
504015
7837
605
61991
26565576
892910
571833
30591573
30666
119328
75
52
172130
236710
36
07889591
701
499
7227
17776
07875
600045
401
7223888
76841578
62
72
478789
116
64005595
351600
5390219
6212778
20207
29086
738
4628
88585238
6166820
36428
5066
3994
64800
61
7775070
551601
10011
11
62226041
14
871144
05706412
670
52431044
3203665
5673
39
704062
7392265
2880
724217
1836
37630430
50303214
022317
5620796
298
503937
330
61176
833
10202
1433
446
56849
01431
6437567
0010
373
0412
109979
897293
5605987
06594825
37646685
1916
19025
8511183
41064
424
737354
8190666
470242
32
5796747
23777
56791
5321994
126222
40
83661
46144574
39333277
12
5711
091000
84
00794
02013
11095509
01
15503
52096
19
4427
679410
44
58
85
42
436
14826
441
83620760
2673
81
32469
17501948
838
86291
88013
39943172
72
7571
59082127
05956
2437
0647551
3157353
7029
60
2518
6183
3672
23
455260
23
38
868069
8580132
79
2496
8720112
6993
21353
86819216
00048
388
808
48997503
09667159
3125
68831665
87870
727
0567
55247471
05
75184345
5450275
80686
5063503
2422193
565387
3019919
700995
6027004
283
12259
57
65
00665
4271546
34361254
424
78662
00
72253432
3368209
31
18448
7855
5860
355
0444218
26734
51851
1177890
16
8290849
61645
8078943
547
411531
78
63553922
45
119731
57623
7917458
53565470
007439
79389
2870440
246471
5105
41921754
8054
0747
4793182
4362
086
07486371
6035129
09800972
1452
715800
43997
2918
705
09
236
3573
805009
508573
78
21
646484
8673388
75
297849
03
82171412
2830
799861
6353
4133
5943013
6270498
1405
53356842
7000559
24262828
052
373
87013
261
526
77162
77626317
69067543
427577
2393
0609
59063455
8877372
813755
3623896
670282
4960237
61
19100558
736296
32
6908
2107
030
77
21
403
57158313
70991991
855853
2927
815
043
4731931
2984669
784866
680838
5873
73055
52884132
532
87982426
08676
89
3579
44
631
37
5860
487
5441
404
374
8073075
8776665
61938975
337434
4410491
4618882
6681
2399191
59
6727934
08
350690
879
56340740
01878547
00
629424
2065
7696994
339317
7299655
1273
658593
5635
1513
8956264
3612417
541
68339455
5326968
4297
5175873
617
5992
05673
8641
719
8292
71723
15
655
267550
28
37796414
51080
276403
847
41
41280
71053800
68259493
668
13
29
239
133176
60785
8493
565
2011
657555
714555
1810237
056
214880
8023
277
052
7466479
67
281471
032234
5993667
080
2998370
5307
2895
83181
08
403
20279
6332488
14351
42101
3770061
3612872
59169351
33628
1576
5683833
038011
891251
136
7287774
68638
30
5567
8400
72753
37013
43006
6984895
4467
35
60763
83751
00791577
7840
8006373
00564742
68
3152
6953
6874
10
869
1031330
417152
04113
5930
11878
48424
4155
5552944
5203973
71864
866143
53955
8479
439
1352850
229
03674
6614478
592
1514112
728
37
1103
787
3948
00092104
0987170
2330
16601
37
3211063
0040549
73
29715
56
60
2976
21129336
155760
28
754586
1053797
61546428
37224
066
48646432
0318697
2964
0700
86472
8731138
478
04
51
36411
687111
67147
1893794
483305
19
62025161
70683384
182663
09811
710
2899
023975
84109030
02156
06
6061805
6312
0150429
769340
167
2391117
81634196
29
00450
64643
040993
8759
08
56
72027703
82
0539978
684
6303909
55734
423
688562
1155604
0304956
75845229
8168
8116
580
08486
23
444
26
4876
780
15209179
75016
76190241
35
84794220
87634
231653
540
21172825
70559
45
2875096
88147
069776
5175
70
01267
259792
162134
81839
25
28907
247772
4583972
64165
16
44064
476
898
0614
68939101
795
83812
648
614980
7335785
0804447
513074
75538404
6845715
02989582
7162
04
42
4525
31596
88928533
6610937
7838434
23336530
66022290
3441595
4632
21
28646316
225313
54
596
8435
7992710
549358
6171
6998327
526922
049315
856
06154
8559739
88
805862
29358
4496
4392
7981138
411072
51
4469123
10657
568
8698638
736
06510
4762
11586
44967699
22902263
507687
8629252
3295
0286
1875601
32
25837
61885
0957129
22531008
0448535
243487
416375
821
10
584
37
29493
1144371
45203
63320
8553155
157754
6588
65
82
125987
28075
5492
8966420
2254184
751116
824
3844213
1756731
22808
76066213
2004
8367
76215357
70396
08422735
3893
4854639
539
384838
5563
49306
26835
73653
531883
62192
116108
22151
6687798
299
3347
8695160
194513
33038690
0609912
67266
46988178
7884446
7042
61523
87037323
606902
719
84592
8896551
3435
094104
3160962
15082
46
2868486
32006
01980658
84397
28179735
18678796
8497
70
22
39
049
6335871
22861340
18
047875
650558
2906168
55214553
72134224
8837349
20573850
67270688
7643220
03937365
669
11
0913
37
3671
538679
288681
794
8321631
016
766064
095
63885246
3723528
3017476
76886472
8531895
137
0123284
0306
183995
8966701
8620401
341992
2367160
488690
03281
61886331
43807713
43552
04482
242945
613
73553580
582
196
149
105017
5969095
68687
2833
26
0196393
63
35213222
319490
2498
8221949
7371
28062
1566720
02
592
15
15223198
52875465
1467
618490
822
6169
455
88533185
22852461
5456
26595
86214749
6355
3662705
55808422
27
1007251
440
7371
1048
8701905
28668358
552137
12172386
5849
43
19893
3748280
183
487912
43088426
59222
1927702
49961341
042967
445
6746281
057
6943977
6309660
052919
7034234
8443
14698802
43
1848792
68642
28
3436745
041290
52
35
0
